577
561
545
529
513
497
481
465
449
433
417
401
385
369
353
337
321
305
289
273
257
241
225
209
577
561
545
529
513
497
481
465
449
433
417
401
385
369
353
337
321
305
289
273
257
241
225
209
577
561
545
529
513
497
481
465
449
433
417
401
385
369
353
337
321
305
289
273
257
241
225
209
577
561
545
529
513
497
481
465
449
433
417
401
385
369
353
337
321
305
289
273
257
241
225
209
577
561
545
529
513
497
481
465
449
433
417
401
385
369
353
337
321
305
289
273
257
241
225
209
577
561
545
529
513
497
481
465
449
433
417
401
385
369
353
337
321
305
289
273
257
241
225
209
577
561
545
529
513
497
481
465
449
433
417
401
385
369
353
337
321
305
289
273
257
241
225
209
577
561
545
529
513
497
481
465
449
433
417
401
385
369
353
337
321
305
289
273
257
241
225
209
577
561
545
529
513
497
481
465
449
433
417
401
385
369
353
337
321
305
289
273
257
241
225
209
577
561
545
529
513
497
481
465
449
433
417
401
385
369
353
337
321
305
289
273
257
241
225
209
577
561
545
529
513
497
481
465
449
433
417
401
385
369
353
337
321
305
289
273
257
241
225
209
577
561
545
529
513
497
481
465
449
433
417
401
385
369
353
337
321
305
289
273
257
241
225
209
577
561
545
529
513
497
481
465
449
433
417
401
385
369
353
337
321
305
289
273
257
241
225
209
577
561
545
529
513
497
481
465
449
433
417
401
385
369
353
337
321
305
289
273
257
241
225
209
577
561
545
529
513
497
481
465
449
433
417
401
385
369
353
337
321
305
289
273
257
241
225
209
577
561
545
529
513
497
481
465
449
433
417
401
385
369
353
337
321
305
289
273
257
241
225
209
577
561
545
529
513
497
481
465
449
433
417
401
385
369
353
337
321
305
289
273
257
241
225
209
577
561
545
529
513
497
481
465
449
433
417
401
385
369
353
337
321
305
289
273
257
241
225
209
577
561
545
529
513
497
481
465
449
433
417
401
385
369
353
337
321
305
289
273
257
241
225
209
577
561
545
529
513
497
481
465
449
433
417
401
385
369
353
337
321
305
289
273
257
241
225
209
577
561
545
529
513
497
481
465
449
433
417
401
385
369
353
337
321
305
289
273
257
241
225
209
577
561
545
529
513
497
481
465
449
433
417
401
385
369
353
337
321
305
289
273
257
241
225
209
577
561
545
529
513
497
481
465
449
433
417
401
385
369
353
337
321
305
289
273
257
241
225
209
577
561
545
529
513
497
481
465
449
433
417
401
385
369
353
337
321
305
289
273
257
241
225
209
577
561
545
529
513
497
481
465
449
433
417
401
385
369
353
337
321
305
289
273
257
241
225
209
577
561
545
529
513
497
481
465
449
433
417
401
385
369
353
337
321
305
289
273
257
241
225
209
577
561
545
529
513
497
481
465
449
433
417
401
385
369
353
337
321
305
289
273
257
241
225
209
577
561
545
529
513
497
481
465
449
433
417
401
385
369
353
337
321
305
289
273
257
241
225
209
577
561
545
529
513
497
481
465
449
433
417
401
385
369
353
337
321
305
289
273
257
241
225
209
577
561
545
529
513
497
481
465
449
433
417
401
385
369
353
337
321
305
289
273
257
241
225
209
577
561
545
529
513
497
481
465
449
433
417
401
385
369
353
337
321
305
289
273
257
241
225
209
577
561
545
529
513
497
481
465
449
433
417
401
385
369
353
337
321
305
289
273
257
241
225
209
577
561
545
529
513
497
481
465
449
433
417
401
385
369
353
337
321
305
289
273
257
241
225
209
577
561
545
529
513
497
481
465
449
433
417
401
385
369
353
337
321
305
289
273
257
241
225
209
577
561
545
529
513
497
481
465
449
433
417
401
385
369
353
337
321
305
289
273
257
241
225
209
577
561
545
529
513
497
481
465
449
433
417
401
385
369
353
337
321
305
289
273
257
241
225
209
577
561
545
529
513
497
481
465
449
433
417
401
385
369
353
337
321
305
289
273
257
241
225
209
